0000000000000000000000000000000000000000000000000000000000000000
0000000000000000000000000000000000000000000000000000000000000000
0000000000000000000000000000100000000000000000000000000000000000
0000000000000000000000000010000111000000000000000000000000000000
0000000000000000000000001100000000100000000000000000000000000000
0000000000000000000010111000000100110010100000000000000000000000
0000000000000000001000001100000000110000011000000000000000000000
0000000000000000010100001111000000011001010100000000000000000000
0000000000000001110000000010110000011111111100000000000000000000
0000000000000100000100000001111111111111110111000000000000000000
0000000000011001010001111111111111111100000000001000000000000000
0000000000011100111111111111111100110010011000001100000000000000
0000000000111111111111111110111101111010000000000010000000000000
0000000000011111111111110000000111111111110111010101000000000000
0000000000000100110101100000000011111111111111111111100000000000
0000000000000100011111000010010001111111111111111111000000000000
0000000000010000100110001111111111100111111110110000000000000000
0000000001010000000011111111111111111111100001000000000000000000
0000000010100001010010011111111111111110010110000000000000000000
0000000110010111111010000111111111111111010000101110000000000000
0000000111111111111111111111111110111101001111000001000000000000
0000000011111111111111111101110011111101111111101000000000000000
0000000000011100111111111101111111101111111111111111110000000000
0000000000111100001100111110101101000111111111111111110000000000
0000000000011100000000001101101111000001111011111111000000000000
0000000000000000100000000111101111001111110000011100000000000000
0000000000000001000011000011101011101110000000011110000000000000
0000000000000100000101110011001011011000000000011110000000000000
0000000000001000011111110001001110110110010000001100000000000000
0000000000011111111111100001100011101111111100000000000000000000
0000000000001111111101111001110011111111111111000000000000000000
0000000000000000111100011111110111111111111111110000000000000000
0000000000000000011110001101110011111111111111111000000000000000
0000000000000000011110000110110111111111111111111000000000000000
0000000000000000001100000011111111111111111111111100000000000000
0000000000000000000000000001101111111111111111111100000000000000
0000000000000000000000000001110111111111111111111100000000000000
0000000000000000000000000001101111111000000111111100000000000000
0000000000000000000000000001101111111110001111111100000000000000
0000000000000000000000000001100111110011010011111100000000000000
0000000000000000000000000001111111110111111001111100000000000000
0000000000000000000000000001111111110111011001111000000000000000
0000000000000000000000000001111011111110011111110000000000000000
0000000000000000000000000011111011110011110001110000000000000000
0000000000000000000000000011110111110111111011000000000000000000
0000000000000000000000000011110111001000000110000000000000000000
0000000000000000000000000011111111011111111111000000000000000000
0000000000000000000000000011101011010001100001000000000000000000
0000000000000000000000000011101001100000000001000000000000000000
0000000000000000000000000011111110101000000100100000000000000000
0000000000000000000000000011011111101000000100100000000000000000
0000000000000000000000000011101111101000000100100000000000000000
0000000000000000000000000011101111111111111111100000000000000000
0000000000000000000000000110111111101000000100100000000000000000
0000000000000000000000000110101110111001110111000000000000000000
0000000000000000000000001101111111101001010100000000000000000000
0000000000000000000000001011111111101111011110000000000000000000
0000000000000000000000111111011111001111011110000000000000000000
0000000000000000000001111111111111111111011111100000000000000000
0000000000000000000000000011100000111111011111100000000000000000
0000000000000000000000000010000000111111011111100000000000000000
0000000000000000000000000000000000000000000000000000000000000000
0000000000000000000000000000000000000000000000000000000000000000
0000000000000000000000000000000000000000000000000000000000000000