0000000000000000000000000000000000000000000000000000000000000000
0000000000000000000000000000000000000000000000000000000000000000
0000000000000000000000000000011100001110000000000000000000000000
0000000000000000000000000000111111111111000000000000000000000000
0000000000000000000000000110111111111111011000000000000000000000
0000000000000000000000011111111111111111111110000000000000000000
0000000000000000000000011111111111111111111110000000000000000000
0000000000000000000000111111111111111111111111000000000000000000
0000000000000000000011111111111111111111111111110000000000000000
0000000000000000000111111111111111111111111111111000000000000000
0000000000000000000111111111111111111111111111111000000000000000
0000000000000000000111111111111111111111111111111000000000000000
0000000000000000001111111111111111111111111111111100000000000000
0000000000000000011111111111111111111111111111111110000000000000
0000000000000000111111111111111111111111111111111110000000000000
0000000000000000111111111111111001100111111111111110000000000000
0000000000000000011111111111110000000011111111111110000000000000
0000000000000000001111111110000000000000011111111100000000000000
0000000000000000011111111111111100001111111111111110000000000000
0000000000000011111111111100000000000000001111111110000000000000
0000000000000111011111111111111100001111111111111110000000000000
0000000000000101101111111110000110011000011111111110000000000000
0000000000000110101101111100011011110110001111111100000000000000
0000000000000111101001111100011010110110001111111100000000000000
0000000000000101010001101100011010010110001101111100000000000000
0000000000000110010011101110000110011000011001111000000000000000
0000000000000011000011110111111100001111111011110000000000000000
0000000000000001100001111100000011110000001111110000000000000000
0000000000000000110000111110001111111100011111100000000000000000
0000000000000000011000011110001110011100011110000000000000000000
0000000000000000001100001111000011110000111100000000000000000000
0000000000000000000110001011100000000001100000000000000000000000
0000000000000000000011011000111000000111000000000000000000000000
0000000000000000000001111000011111111111100000000000000000000000
0000000000000000000000110000000111111000110000000000000000000000
0000000000000000000000011100000011110000011000000000000000000000
0000000000000000000000001110100000000000001000000000000000000000
0000000000000000000000000011100000000000000100000000000000000000
0000000000000000000000000001100000000001000110000000000000000000
0000000000000000000000000001100000000001111110000000000000000000
0000000000000000000000000001100000000001110010000000000000000000
0000000000000000000000000001100000000001110001000000000000000000
0000000000000000000000000001100000000001110001000000000000000000
0000000000000000000000000001100000000001111001000000000000000000
0000000000000000000000000001100000000001101001100000000000000000
0000000000000000000000000001100000000001101000100000000000000000
0000000000000000000000000000111111111111111000100000000000000000
0000000000000000000000000000111000000011111100100000000000000000
0000000000000000000000000000110000000001101100100000000000000000
0000000000000000000000000000100001110001100111100000000000000000
0000000000000000000000000000100001110000100000000000000000000000
0000000000000000000000000000100001111000110000000000000000000000
0000000000000000000000000000110001101000110000000000000000000000
0000000000000000000000000000010001101100010000000000000000000000
0000000000000000000000000000010001100100011000000000000000000000
0000000000000000000000000000011111100111101000000000000000000000
0000000000000000000000000000011001100110111000000000000000000000
0000000000000000000000000001111111100011001100000000000000000000
0000000000000000000000000011110001100010010010000000000000000000
0000000000000000000000000011111111100011111110000000000000000000
0000000000000000000000000011111111111111111110000000000000000000
0000000000000000000000010111111111111111111111010000000000000000
0000000000000000000000000000000000000000000000000000000000000000
0000000000000000000000000000000000000000000000000000000000000000