0000000000000000000000000000000000000000000000000000000000000000
0000000000000000000000000000000000000000000000000000000000000000
0000000000000000000000000111000011100000000000000000000000000000
0000000000000000000000001111111111110000000000000000000000000000
0000000000000000000001101111111111110110000000000000000000000000
0000000000000000000111111111111111111111100000000000000000000000
0000000000000000001111111111111111111111110000000000000000000000
0000000000000000001111111111111111111111110000000000000000000000
0000000000000000111111111111111111111111111100000000000000000000
0000000000000001111111111111111111111111111110000000000000000000
0000000000000011111111111111111111111111111111000000000000000000
0000000000000001111111111111111111111111111110000000000000000000
0000000000000011111111111111111111111111111111000000000000000000
0000000000000111111111111111111111111111111111100000000000000000
0000000000000111111111111111111111111111111111110000000000000000
0000000000000111111111111110011001111111111111110000000000000000
0000000000000111111111111100000000111111111111100000000000000000
0000000000000011111111101100000000110111111111000000000000000000
0000000000000111111111111111000011111111111111100000000000000000
0000000000001111111111011110000001111011111111110000000000000000
0000000000000111111111111111000011111111111111110000000000000000
0000000000000111111111100001100110000111111111100000000000000000
0000000000000011111111000110111100110011101111000100000000000000
0000000000000011111111000110111100110011010011000110000000000000
0000000000000011111011000000100100100011000111010010000000000000
0000000000000001111011100001100110000111111110011011000000000000
0000000000000000111111111111000011111111111100011011000000000000
0000000000000000111111000000111100000011110110011011000000000000
0000000000000000011111100011111111000111100110110111000000000000
0000000000000000000111100011110111000101010110000110000000000000
0000000000000000000011110000011000001110100100001100000000000000
0000000000000000000000011100000000111111101100000000000000000000
0000000000000000000000001110000001110000100110000000000000000000
0000000000000000000000011111111111111100100110000000000000000000
0000000000000000000000110001111110001111100010000000000000000000
0000000000000000000001100000111100000000100011000000000000000000
0000000000000000000001000000000000000001110011000000000000000000
0000000000000000000011000000000000000001000010000000000000000000
0000000000000000000110001000000000001001111100000000000000000000
0000000000000000000100011000000000001111111000000000000000000000
0000000000000000001110010000000000001111100000000000000000000000
0000000000000000000111110000000000000100000000000000000000000000
0000000000000000000110110000000000001100000000000000000000000000
0000000000000000001100110000000000001100000000000000000000000000
0000000000000000001100110000000000000100000000000000000000000000
0000000000000000001100110000000000000100000000000000000000000000
0000000000000000001100110000000000000100000000000000000000000000
0000000000000000001100111111111111111100000000000000000000000000
0000000000000000001111111111111111111100000000000000000000000000
0000000000000000001101110100000000011100000000000000000000000000
0000000000000000000111111000011000001100000000000000000000000000
0000000000000000000011110000011100000100000000000000000000000000
0000000000000000000000110000011100001100000000000000000000000000
0000000000000000000000110000011100001100000000000000000000000000
0000000000000000000000110000110110001100000000000000000000000000
0000000000000000000000111100110110111100000000000000000000000000
0000000000000000000000111111110111111110000000000000000000000000
0000000000000000000000111100110110011110000000000000000000000000
0000000000000000000000111111100011111110000000000000000000000000
0000000000000000000001111111100011111111000000000000000000000000
0000000000000000000001111111100011111111000000000000000000000000
0000000000000000000001111111000001111111000000000000000000000000
0000000000000000000000000000000000000000000000000000000000000000
0000000000000000000000000000000000000000000000000000000000000000