00000000000000000000000000000000
00000011100000000000000000110000
00000111110000000000000000110000
00001100111000111110000110000000
00111011111101110110000000000000
00111011111111100110110001001100
00111111111111100110010001001000
00111111111100111110000110000000
00001111111011111111100110000000
00000111100011111111100000110000
00000000000011000001100000000000
00000000000011111111100000000000
00000000000011111111100000000000
00000000001100011000110000000000
00000000011100011000111000000000
00000000011000011000011000000000
00000001100000011000000110000000
00000001100000011000000110000000
00000010000000011000000001000000
00000010011111110111111001000000
00000010011111110111111001000000
00000010011111110111111001000000
00000010011111101111111001000000
00000010011111111111111001000000
00000010011111011111111001000000
00000010001111111111110001000000
00000001100111111111100110000000
00000001100011111111000110000000
00000000011000000000011000000000
00000000001111111111110000000000
00000000001111111111110000000000
00000000000000000000000000000000