000000000000000000000000000000000000000000000000
000000000000000000000000000000000000000000000000
000000000000000000000011000000000000000000000000
000000000000000000000101100000000000000000000000
000000000000000011001000110010001000000000000000
000000000001001000010000011000010001100000000000
000000000111111111111111111111111111110000000000
000000001111111111111111111111111111110000000000
000000001100000000000000000000000000011000000000
000000000101111111111111111111111111010000000000
000000010101000000000000000000000011011110000000
000000111101000000000000000000000011010000000000
000000001101000000000000000000000011011001100000
000000101101000001111111111111000011011001000000
000000101101000011111111111111100011010000000000
000000000101000011010000110101100011011100100000
000000111101000011001011101011100011010000000000
000001100101000011110100110101100011011110000000
000000001101000011001110001111100011011000000000
000001001101000011010110011111100011011001000000
000001001101000011111110011111100011011001000000
000000011101000011111111011011100011011000000000
000001111101000011101001110101100011010010000000
000000000101000011111111111111100011011000000000
000000111101000000000000000000000011011110000000
000001100101000000000000000000000011011000000000
000000001101000000000000000000000011010001000000
000001001101000000000011100000000011011001000000
000001001101000000000111110000000011011000000000
000000001101111111110111110111111111010010000000
000000110101111111110111110111111111011000000000
000000000110000000000011100000000000110000000000
000000000111111111110011100111111111110000000000
000000000001000001101100011010001000100000000000
000000000000001110001000001001100000100000000000
000000000000000100010100010100000000000000000000
000000000000000000010100010100000000000000000000
000000000000000000010100010100000000000000000000
000000000000000000011100011100000000000000000000
000000000000000000010111110100000000000000000000
000000000000000000001111110000000000000000000000
000000000000000000000110110000000000000000000000
000000000000000000000110110000000000000000000000
000000000000000000000110110000000000000000000000
000000000000000000000110110000000000000000000000
000000000000000000000110110000000000000000000000
000000000000000000000000000000000000000000000000
000000000000000000000000000000000000000000000000