0000000000000000000000000000000000000000000000000000000000000000
0000000000000000000000000000000000000000000000000000000000000000
0000000000000000000000000000000000000000000000000000000000000000
0000000000000000000000000000000000000000000000000000000000000000
0000000000000000000000000001111001111000000000000000000000000000
0000000000000000000000000011111111111100000000000000000000000000
0000000000000000000000111111111111111111110000000000000000000000
0000000000000000000001111111111111111111111000000000000000000000
0000000000000000000001111111111111111111111000000000000000000000
0000000000000000000111111111111111111111111110000000000000000000
0000000000000000001111111111111111111111111111000000000000000000
0000000000000000011111111111111111111111111111100000000000000000
0000000000000000011111111111111111111111111111100000000000000000
0000000000000000011111111111111111111111111111100000000000000000
0000000000000000111111111111111111111111111111110000000000000000
0000000000000001111111111111111111111111111111111000000000000000
0000000000000001111111111111100110011111111111111000000000000000
0000000000000000111111111111000000001111111111110000000000000000
0000000000000000111111111001100000011001111111110000000000000000
0000000000000001111111111011110000111101111111111000000000000000
0000000000000001111111110111100000011110111111111000000000000000
0000000000000001111111111100010000100011111111111000000000000000
0000000000000000111111111000001001000001111111110000000000000000
0000000000000000011111110000001111000000111111100000000000000000
0000000000000000011111110011101001011100111111100000000000000000
0000000000000000011110011000001001000001100111100000000000000000
0000000000000000001111011100010000100011101111000000000000000000
0000000000000000001111110111100110011110111111000000000000000000
0000000000000000000111111000011111100001111110000000000000000000
0000000000000000000011111000111111110001111100000000000000000000
0000000000000000000000111100000000000011110000000000000000000000
0000000000000000000000000110000000000110000000000000000000000000
0000000000000000000000000011100000011100000000000000000000000000
0000000000000000000000000011111111111100000000000000000000000000
0000000000000000000000000110011111100110000000000000000000000000
0000000000000000000000001000001111000001000000000000000000000000
0000000000000000000000011000000000000001100000000000000000000000
0000000000000000000000110000000000000000110000000000000000000000
0000000000000000000000100010000000000100010000000000000000000000
0000000000000000000000100010000000000100010000000000000000000000
0000000000000000111000111110000000000111110001110000000000000000
0000000000000001110111100110000000000110011110111000000000000000
0000000000000111110000000110000000000110000000111110000000000000
0000000000000110100000000110000000000110000000010110000000000000
0000000000000011010011111110000000000111111100101100000000000000
0000000000000001111111111111111111111111111111111000000000000000
0000000000000000011100000001111111111000000011100000000000000000
0000000000000000001000001111000000001111000001000000000000000000
0000000000000000001000000001110000111000000001000000000000000000
0000000000000000001000000000111111110000000001000000000000000000
0000000000000000001110000000110110110000000111000000000000000000
0000000000000000000111100001100110011000011110000000000000000000
0000000000000000000001111111100110011111111000000000000000000000
0000000000000000000000000111100110011110000000000000000000000000
0000000000000000000000000001100110011000000000000000000000000000
0000000000000000000000000000111111110000000000000000000000000000
0000000000000000000000000000111111110000000000000000000000000000
0000000000000000000000000000000000000000000000000000000000000000
0000000000000000000000000000000000000000000000000000000000000000
0000000000000000000001101111111111111111011000000000000000000000
0000000000000000000000000111111111111110000000000000000000000000
0000000000000000000000000000000000000000000000000000000000000000
0000000000000000000000000000000000000000000000000000000000000000
0000000000000000000000000000000000000000000000000000000000000000