000000000000000000000000000000000000000000000000
000000000000000000000000000000000000000000000000
000000000000000000000000000000000000000000000000
000000000000000000000000000000000000000000000000
000000000000000000000000000000000000000000000000
000000000000000000000000000000000000000000000000
000000000000000000011000000000000000000000000000
000000000000000000011100011100000000000000000000
000000000000000000010110010110000000000000000000
000000000000000000010011010011000000000000000000
000000000000000000010001110001100000000000000000
000000000000000000010000100000110000000000000000
000000000000000000010000110000011000000000000000
000000000000000000010000011000001100000000000000
000000000000000000010000001100000110000000000000
000000000000000000010000000100000011100000000000
000000000000000000010000000110000001110000000000
000000000000000000010000000011000000110000000000
000000000000000000010000000011000001110000000000
000000000011111111110000000011000001110000000000
000000111111111111111000000011010011110000000000
000011111100000000111000000011010011111000000000
000111000000000000011100000011011011001100000000
001110000000000000001100000011011110000111000000
001100000000000000000110000011010110001111000000
001110000000000000000111000011001100011111100000
000110000000000000000011100011001100110000110000
000111000000000000000001100011001101110000011000
000011000000000000000000110011011111000111111100
000011100000000000000000111011011110011111111100
000001110000000000000000011111011110111101111100
000000110000000000000000001111111111101111110000
000000111000000000000000000111111111111110000000
000000011000000000000000000111111111110000000000
000000011100000000000000011111111100000000000000
000000001110000000000011101110110000000000000000
000000001110000000011101111111100000000000000000
000000000111000001110111110000000000000000000000
000000000111100011011110000000000000000000000000
000000000011101101111000000000000000000000000000
000000000001111111000000000000000000000000000000
000000000001111000000000000000000000000000000000
000000000000000000000000000000000000000000000000
000000000000000000000000000000000000000000000000
000000000000000000000000000000000000000000000000
000000000000000000000000000000000000000000000000
000000000000000000000000000000000000000000000000
000000000000000000000000000000000000000000000000