1111111000000000000000000000000000000000000000000000000011111111
1111111110000000000000000000000000000000000000000000001111111111
1111111111000000000000000000000000000000000000000000111111111111
1111111110000000000000000000000000000000000000000000011111111111
1111111110000000000000000000000000000000000000000000011111111111
1111111100000000000000000001111110010000000000000000001111111111
1111111100000000000000000001111111111100000000000000001111111111
1111111000000000000000000111111111111100000000000000000111111111
0111111000000000000000001111111111111111000000000000000111111111
0111111000000000000000011111111111111111100000000000000011111111
0111110000000000000000011111111111111111100000000000000011111111
0111110000000000000000011111111111111111100000000000000001111110
0111110000000000000000011111111111111111100000000000000001111110
0011100000000000000000111111111111111111110000000000000000111110
0011100000000000000000111111111111101111110000000000000000111110
0011100000000000000000111111110111001111110000000000000000111110
0011100000000000000000111111101110000111110000000000000000111110
0011000000000000000000111111001000000111110000000000000000111110
0011000000000000000000011100110000110011100000000000000000111110
0011000000000000000000111100110000110011110000000000000000111110
0011000000000000000000101100110000110011010000000000000000011110
0010000000000000000000101000000110000001010000000000000000011110
0010000000000000000000111100000110000011100000000000000000011110
0010000000000000000000001100010000100011000000000000000000011110
0010000000000000000000000100011001100010000000000000000000001100
0010000000000000000000000010001111000100000000000000000000001100
0000000000000000000000000001100000011000000000000000000000000100
0000000000000000000000000000111111110000000000000000000000000100
0000000000000000000000000011110000111100000000000000000000000100
0000000000000000000000001100011111100011000000000000000000000100
0000000000000000000000011000000110000001100000000000000000000000
0000000000000000000000010000000000000000100000000000000000000000
0000000000000000000000100000000000000000010000000000000000000000
0000000000000000000001100110000000000110011000000000000000000000
0000000000000000000000111110000000000111110000000000000000000000
0000000000000000000000100110000000000110010000000000000000000000
0000000000000000000000100110000000000110010000000000000000000000
0000000000000000000000100110000000000110010000000000000000000000
0000000000000000000000100110000000000110010000000000000000000000
0000000000000000000000100100000000000110010000000000000000000000
0000000000000000000001000110000000000110010000000000000000000000
0000000000000000000001100111011001101110011000000000000000000000
0000000000000000000001101111111111111111011000000000000000000000
0000000000000000000000100111111111111110010000000000000000000000
0000000000000000000000011111111111111111100000000000000000000000
0000000000000000000000000111111111111100000000000000000000000000
0000000000000000000000000011111001111100000000000000000000000000
0000000000000000000000000011111001111100000000000000000000000000
0000000000000000000000000011111001111100000000000000000000000000
0000000000000000000000000011111001111100000000000000000000000000
0000000000000000000000000011111001111100000000000000000000000000
0000000000000000000000000011111001111100000000000000000000000000
0000000000000000000000000011111001111100000000000000000000000000
0000000000000000000000000111111001111110000000000000000000000000
0000000000000000000000001000011001100001000000000000000000000000
0000000000000000000000001111110000111111000000000000000000000000
0000000000000000000000000000000000000000000000000000000000000000
0000000000000000000000000000000000000000000000000000000000000000
0000000000000000000000000000000000000000000000000000000000000000
0000000000000000000000000000000000000000000000000000000000000000
0000000000000000000000000000000000000000000000000000000000000000
0000000000000000000000000000000000000000000000000000000000000000
1000000000000000000000000000000000000000000000000000000000000001
1000000000000000000000000000000000000000000000000000000000000001