0000000000000000000000000000000000000000000000000000000000000000
0000000000000000000000000000000000000000000000000000000000000000
0000000000000000000000000000000000000011100000000000000000000000
0000000000000000000000010000000001101111111000000000000000000000
0000000000000000001110011000001110111111100000000000000000000000
0000000000000000001111000011111110011110000001111000000000000000
0000000000001011111111111111110011101111000111111110000000000000
0000000000011111110011111000000001110101111111111111100000000000
0000000000111110001111110000000000111100111000000111111000000000
0000000011110111111111110000000000011110011111111111111000000000
0000000111111111111011110000000000000000000111111111100000000000
0000000000111101110011100111111111111110000111011000000000000000
0000000000000001100111001111111111111111000011101000000000000000
0000000111111111000110111111111111111111110010110111111110000000
0000001111100110001101111111111111111111111010010110011111000000
0000011111011100000011111111111111111111111111011011101111100000
0000111011111100000111111111111111111111111101001001111101110000
0000111111111000001111111111111111111111111101001100111111110000
0001111110101000001111111111111111111111111101000100010111111000
0000000001011000011111111111111111111111100001100110001000000000
0000000011010000011111111111111111111111101000110010001100000000
0000001110010000011111111111111111101111000000011001110011000000
0000111110010000111111111111111111100111000000011011101011110000
0001111100000000111111111111111111100111000000011111100101111000
0001111100000000111111111111111111000011100000011111111101111000
0011100001111000111111111111111110000001110000111111111100011100
0000000000111101111111111111111100001101111111111111111100000000
0000000101111111111111111111110000011111111111111011111011000000
0000010111111111111111110000110000110000011111111001110111100000
0000110111111111111111100000011001100000011111111000000110110000
0000110011111101111111000000001111000000001111111000011110110000
0001111101111001111111000000001111000000001111111000111111111000
0001101110000001111111000000001001000000001111111001111111011000
0001111100000001111111000000001001000000001111111001110011111000
0001011100000001111111100000011001100000011111111001100011101000
0001111111000011111111111111110000111111111111111101001111111000
0001111011100011111111101111100000011111011111111100011101111000
0001110011110011111111100000000000000000011111111100111100111000
0001100011111011111111110000000000000000111111111101111100011000
0000001011111011111111111000000000000001111111111101111101000000
0000001011000111111111111100000000000011111111111110001101000000
0000001011100111111111111110000000000111111111111110011101000000
0000001011100111111111111111000000001111111111111110011101000000
0000001010010111111111111111110000111111111111111110100101000000
0000001110010111111111111111111111111111111111111110100111000000
0000000110001111111111111111011111101111111111111111000110000000
0000000100001111111111111111001111001111111111111111000010000000
0000000000001111111111111111000000001111111111111111000000000000
0000000000011111111111111110110000110111111111111111100000000000
0000000000011111111111111110111001110111111111111111100000000000
0000000000011111111111111100111001110011111111111111100000000000
0000000000011111111111111000111001110001111111111111100000000000
0000000000011111111111101110011111100111011111111111100000000000
0000000000111111111000111111100000011111110001111111110000000000
0000000000111111000001111111110000111111111000001111110000000000
0000000000111110000001111111100110011111111000000111110000000000
0000000000111100000011111111101111011111111100000011110000000000
0000000000111100000011111111101111011111111100000011110000000000
0000000000111000000111111111101111011111111110000001110000000000
0000000000011000000111111111110000111111111110000001100000000000
0000000000011000001111111111111111111111111111000001100000000000
0000000000000000001111111111111111111111111111000000000000000000
0000000000000000000000000000000000000000000000000000000000000000
0000000000000000000000000000000000000000000000000000000000000000