00000000000000000000000000000000
00000000000011111111111111110000
00000000000111111111111111111000
00000000000111111100001111111000
00000000000111111111111111111000
00000000000111111111111111111000
00000000000110000000000000111000
00000000000110000000000000111000
00000000000110000000000000111000
00000000000110000000000000111000
00000000000110000000000000111000
00000000000111110000000000111000
00000000000111111000000000111000
00000000000110001100000000111000
00000000000100011110000000111000
00000000011001111011000000111000
00000000110011110000100000111000
00000000100011110000110000111000
00000001000111100000011000111000
00000110011110000110011000111000
00001100111100001100110000111000
00001000111100001001100000111000
00010001111000000001000000111000
00010111110001100110000000111000
00001111000011001111111111111000
00001111000110011111111111111000
00000110000100111110011111111000
00000001000001111110011111111000
00000000100011111111111111110000
00000000111111111111111111110000
00000000011100000000000000000000
00000000000000000000000000000000